







-2	0.312259	0.003843	0.026074	0.029917	0	0	0	0	0	-0.091157	0.1606
-1.5	0.355666	0.004783	0.02281		0.027594	0	0	0	0	0	-0.075938	0.1174
-1	0.399012	0.005835	0.019181	0.025016	0	0	0	0	0	-0.060727	0.0835
-0.5	0.442289	0.006998	0.016356	0.023354	0	0	0	0	0	-0.045529	0.0564
0	0.485488	0.008271	0.014378	0.022649	0	0	0	0	0	-0.030349	0.034
0.5	0.528599	0.009653	0.013024	0.022677	0	0	0	0	0	-0.015191	0.0153
1	0.571614	0.011143	0.01283		0.023973	0	0	0	0	0	-0.000061	-0.0005
1.5	0.614523	0.012742	0.013051	0.025793	0	0	0	0	0	0.015037	-0.0142
2	0.657318	0.014447	0.01315		0.027597	0	0	0	0	0	0.0301		-0.0261
2.5	0.699989	0.016257	0.013128	0.029385	0	0	0	0	0	0.045122	-0.0365
3	0.742528	0.018172	0.01302		0.031192	0	0	0	0	0	0.060099	-0.0457
3.5	0.784927	0.020191	0.012862	0.033053	0	0	0	0	0	0.075027	-0.054
4	0.827176	0.022311	0.012723	0.035034	0	0	0	0	0	0.089901	-0.0614
4.5	0.869266	0.024532	0.012534	0.037066	0	0	0	0	0	0.104716	-0.0681
5	0.91119		0.026852	0.012403	0.039256	0	0	0	0	0	0.119468	-0.0741
5.5	0.952939	0.02927		0.012304	0.041574	0	0	0	0	0	0.134152	-0.0797
6	0.994505	0.031784	0.012252	0.044036	0	0	0	0	0	0.148764	-0.0848
6.5	1.035878	0.034393	0.012224	0.046616	0	0	0	0	0	0.163299	-0.0895
7	1.077052	0.037094	0.012227	0.049321	0	0	0	0	0	0.177754	-0.0938
7.5	1.118017	0.039885	0.012263	0.052149	0	0	0	0	0	0.192123	-0.0979
8	1.158767	0.042766	0.012363	0.055129	0	0	0	0	0	0.206402	-0.1017
8.5	1.199293	0.045734	0.012539	0.058273	0	0	0	0	0	0.220587	-0.1052
9	1.239587	0.048786	0.012809	0.061595	0	0	0	0	0	0.234673	-0.1085
9.5	1.279641	0.051922	0.013187	0.065109	0	0	0	0	0	0.248657	-0.1116
10	1.319449	0.055138	0.013628	0.068766	0	0	0	0	0	0.262533	-0.1145
