







-2	0.394937	0.00491		0.019776	0	0	0	0	0	0.024686	-0.047883	0.0673
-1.5	0.438329	0.006012	0.016672	0	0	0	0	0	0.022684	-0.032669	0.0415
-1	0.481651	0.007225	0.014066	0	0	0	0	0	0.021291	-0.01747	0.0203
-0.5	0.524891	0.008548	0.012831	0	0	0	0	0	0.021379	-0.002291	0.0027
0	0.568042	0.009981	0.012679	0	0	0	0	0	0.02266		0.012862	-0.0123
0.5	0.611094	0.011523	0.012723	0	0	0	0	0	0.024246	0.027987	-0.0252
1	0.654039	0.013173	0.012822	0	0	0	0	0	0.025995	0.043078	-0.0364
1.5	0.696866	0.014931	0.01281		0	0	0	0	0	0.02774		0.058132	-0.0462
2	0.739569	0.016794	0.012789	0	0	0	0	0	0.029583	0.073144	-0.0549
2.5	0.782136	0.018762	0.012667	0	0	0	0	0	0.031429	0.088108	-0.0626
3	0.824561	0.020834	0.012546	0	0	0	0	0	0.03338		0.103021	-0.0696
3.5	0.866834	0.023008	0.012445	0	0	0	0	0	0.035453	0.117878	-0.0758
4	0.908946	0.025283	0.012341	0	0	0	0	0	0.037624	0.132674	-0.0815
4.5	0.950889	0.027658	0.012267	0	0	0	0	0	0.039925	0.147405	-0.0867
5	0.992655	0.030131	0.012222	0	0	0	0	0	0.042353	0.162067	-0.0915
5.5	1.034234	0.032701	0.012226	0	0	0	0	0	0.044927	0.176655	-0.0959
6	1.07562		0.035365	0.012247	0	0	0	0	0	0.047613	0.191164	-0.1
6.5	1.116803	0.038123	0.012298	0	0	0	0	0	0.05042		0.20559		-0.1038
7	1.157775	0.040971	0.012393	0	0	0	0	0	0.053364	0.219928	-0.1073
7.5	1.198529	0.043909	0.012571	0	0	0	0	0	0.05648		0.234175	-0.1106
8	1.239056	0.046935	0.012874	0	0	0	0	0	0.059809	0.248326	-0.1137
8.5	1.27935		0.050045	0.013296	0	0	0	0	0	0.063342	0.262377	-0.1166
