







-2	0.229484	0.003424	0.033726	0.037151	0	0	0	0	0	-0.134488	0.3213
-1.5	0.272886	0.004204	0.030251	0.034455	0	0	0	0	0	-0.11927	0.2394
-1	0.31624		0.005094	0.026859	0.031953	0	0	0	0	0	-0.104054	0.18
-0.5	0.359535	0.006096	0.023217	0.029313	0	0	0	0	0	-0.088843	0.1349
0	0.402764	0.007207	0.019839	0.027047	0	0	0	0	0	-0.073644	0.0995
0.5	0.445916	0.008429	0.017236	0.025664	0	0	0	0	0	-0.058461	0.071
1	0.488983	0.009759	0.015356	0.025115	0	0	0	0	0	-0.043298	0.0475
1.5	0.531956	0.011197	0.014222	0.025419	0	0	0	0	0	-0.028161	0.0278
2	0.574825	0.012742	0.013608	0.02635		0	0	0	0	0	-0.013053	0.0111
2.5	0.617583	0.014394	0.013249	0.027643	0	0	0	0	0	0.002021	-0.0033
3	0.660219	0.016151	0.013334	0.029485	0	0	0	0	0	0.017056	-0.0159
3.5	0.702726	0.018011	0.013384	0.031396	0	0	0	0	0	0.032049	-0.0269
4	0.745094	0.019975	0.013297	0.033272	0	0	0	0	0	0.046993	-0.0367
4.5	0.787315	0.02204		0.013084	0.035123	0	0	0	0	0	0.061886	-0.0454
5	0.829381	0.024205	0.012879	0.037084	0	0	0	0	0	0.076722	-0.0533
5.5	0.871282	0.026469	0.01273		0.039199	0	0	0	0	0	0.091496	-0.0604
6	0.913011	0.02883		0.012582	0.041412	0	0	0	0	0	0.106205	-0.0668
6.5	0.954559	0.031286	0.012447	0.043733	0	0	0	0	0	0.120843	-0.0727
7	0.995918	0.033837	0.012356	0.046192	0	0	0	0	0	0.135407	-0.0781
7.5	1.037079	0.036479	0.012299	0.048778	0	0	0	0	0	0.149892	-0.0831
8	1.078035	0.039212	0.012283	0.051495	0	0	0	0	0	0.164293	-0.0878
8.5	1.118778	0.042033	0.012323	0.054356	0	0	0	0	0	0.178607	-0.0921
9	1.159299	0.04494		0.01242		0.05736		0	0	0	0	0	0.192828	-0.0961
9.5	1.199592	0.047932	0.012606	0.060538	0	0	0	0	0	0.206952	-0.0998
10	1.239648	0.051006	0.012886	0.063893	0	0	0	0	0	0.220975	-0.1033
